# R  800   600
A  0.5   255,255,255
L  0,4,0   0.2
# L  6,4,-6   0.2   255,255,255
# L  12,4,-12   0.2   255,255,255

# C  6,10,10   0,-0.7,-1   80
C  6,8,8   0,-0.7,-1   80
# C  0,1,1   0,-0.25,-0.75   66

pl 0,-0.5,0   0,1,0   140,118,206

sp 0,0,0    1   216,56,136
sp 0,0,-2   1   0,176,240
sp 0,0,-4   1   68,194,164
sp 0,0,-6   1   255,204,0
sp 0,0,-8   1   255,255,255
sp 0,1.1,-10   1   216,56,136
cy 0,0,-10   0,1,0   1.2   1.5    130,90,216

sp 2,0,0    1   255,255,255
sp 2,0,-2   1   216,56,136
sp 2,0,-4   1   0,176,240
sp 2,0,-6   1   68,194,164
sp 2,0,-8   1   255,204,0
sp 2,1.2,-10   1   255,255,255
cy 2,0,-10   0,1,0   1.2   1.5    130,90,216

sp 4,0,0    1   255,204,0
sp 4,0,-2   1   255,255,255
sp 4,0,-4   1   216,56,136
sp 4,0,-6   1   0,176,240
sp 4,0,-8   1   68,194,164
sp 4,1.3,-10   1   255,204,0
cy 4,0,-10   0,1,0   1.2   1.5    130,90,216

sp 6,0,0    1   68,194,164
sp 6,0,-2   1   255,204,0
sp 6,0,-4   1   255,255,255
sp 6,0,-6   1   216,56,136
sp 6,0,-8   1   0,176,240
sp 6,1.4,-10   1   68,194,164
cy 6,0,-10   0,1,0   1.2   1.5    130,90,216

sp 8,0,0    1   0,176,240
sp 8,0,-2   1   68,194,164
sp 8,0,-4   1   255,204,0
sp 8,0,-6   1   255,255,255
sp 8,0,-8   1   216,56,136
sp 8,1.5,-10   1   0,176,240
cy 8,0,-10   0,1,0   1.2   1.5    130,90,216